site,A,C,D,E,F,G,H,I,K,L,M,N,P,Q,R,S,T,V,W,Y
1,0.05147406557088955,0.06699602430333072,0.032598811857321754,0.030185868893683035,0.057533928784474074,0.014323149054151838,0.08888057006672392,0.07283377018171766,0.07516286077649195,0.059004526752412585,0.06560443376715135,0.06933457079146657,0.0416923170245007,0.011518197776675551,0.0530023018926646,0.05719996083651728,0.06346697240335901,0.01854335323984736,0.041866314490130584,0.028778001536490055
2,1.4555386211364834e-06,0.03744139086614704,0.039510388809513006,0.020257594030214727,0.048863590236912766,0.03046374935240937,0.08631379929222702,0.0841842085865104,0.08784062020013152,0.06703073838777508,0.0336532865512842,0.07109327703909457,0.014555386211364832,0.11002607828555115,0.10491126735762343,0.014555386211364832,0.053558975798379344,0.01656483817215355,0.03729993486820976,0.04187403420451225
3,0.02652408457949858,0.06327854783988028,0.0499260335356421,0.04410906522087734,0.06184176898815791,0.055515090753028816,0.07020422413922453,0.05467545478111658,0.06894900513324911,0.03578963375107111,0.059224595624006234,0.07814428180891912,0.055773996374573816,0.054973995696881384,0.060148431147304,0.007061538058584906,0.01593538513176584,0.02400829418758774,0.047930162798848,0.06598641044978265
4,0.0436686927596373,0.04801867777740912,0.04558104149998351,0.05083390223323874,0.05236108622108311,0.03976427946091814,0.0528006357026695,0.05475779951272523,0.05951763111190583,0.049638972965572896,0.050706299855680856,0.05398838886388767,0.045282099464970915,0.056943343319723526,0.044612017853530195,0.05039308746116307,0.05312123916717578,0.050270643822852464,0.04312843560853573,0.05461172533733636
5,0.03679936069046244,0.03774619435969634,0.03914943653752811,0.04207107941337219,0.09658260231195259,0.03300307625136296,0.13041252174635187,0.039995977998776334,0.03997277571809645,0.03815917717962337,0.07548775380583199,0.03649471150147026,0.03831844396945326,0.040576887025903445,0.040037708454205366,0.04052841567953481,0.03388871011024591,0.0369252555650035,0.08553859899070862,0.03831131269042036
6,0.07340391325936506,0.12176119825334522,0.015506322541928446,0.021501416571043333,0.04805179806911336,0.021923527996734006,0.026660442496950303,0.12282445997656122,0.026917862684853324,0.1122135426029514,0.11070731384122534,0.026065037455449,0.015596014250562864,0.031568394366616424,0.02155077453600643,0.04548932298986519,0.0838553958347025,0.016246993747812747,0.02193525125475433,0.03622101727015962
7,0.08147322615670986,0.07299412614373352,0.13675363334684063,0.06029307915172292,0.02631207290049162,0.030467650405889637,0.07903046072091847,0.017105766077869695,0.06318880085173392,0.022663025306517173,0.053288759898282675,0.01527688515272671,0.019643103444665303,0.08051279691115806,0.07340620525580696,0.06697971322032512,0.026385926220123614,0.021459055042773685,0.013772100198383996,0.038993613593326495
8,0.0358860978090218,0.08045307843577666,0.030116743939734677,0.03648056588654116,0.12734013808989045,0.025183858265719193,0.03057721707950546,0.059278138413392856,0.03407090318963427,0.01477237135038194,0.09800332636542682,0.02797442422017952,0.033604239127572204,0.05206025805171531,0.04856948700971879,0.030779411825104595,0.08482747043533202,0.0607669328727563,0.05075913545902402,0.03849620217357188
9,0.0070627059305560375,0.06108243252756378,0.07017676171152804,0.05041720593978563,0.03572496598330445,0.06428367902299824,0.07070315990076571,0.025134585289253324,0.05050504052683753,0.05215514101101203,0.05706557845641682,0.055708789780571026,0.013659737197206912,0.06995429013720315,0.06420651884488829,0.07011748397804357,0.06605106491068558,0.03248401661375579,0.03920092581378402,0.04430591642384018
10,0.06442793510390739,0.0732912067650738,0.01682818634805774,0.0410093345899461,0.05154543066858211,0.012083686254583427,0.04065889041827473,0.09153286847074243,0.056080434856702985,0.011040849057506411,0.09538848090725405,0.02584633402097579,0.01655286688528542,0.050978768805531344,0.05057340241696164,0.03318178175721336,0.06139011862306875,0.09472723755703107,0.05657748948202855,0.05628469701127292
11,0.03504636612810474,0.0695303417027832,0.06318090809584936,0.06168748489992138,0.03839273344949359,0.03666089504622371,0.06053797834914355,0.03755749029600793,0.007661635094176457,0.057159137079164396,0.05796781940893212,0.07185727831110063,0.03358239099166979,0.06408149921488016,0.07477631577942902,0.07421092821787231,0.041922692124971225,0.05115909034263113,0.022501933335505302,0.04052508213214005
12,0.04812810778361886,0.031210628707201454,0.09655518875526233,0.034720143957112815,0.035827872677891115,0.03713151337409573,0.0774475702369244,0.031213310685289923,0.03697605364278935,0.03845002877795456,0.036104475660342424,0.03962984686681031,0.04119033671746868,0.18358871293397178,0.03866338554437146,0.0336697807357197,0.041595714356618955,0.03908790167642234,0.03773678931568356,0.04107263759445028
13,0.07058387223763893,0.05110757564473229,0.06308057306842278,0.007556607763216243,0.036136846430032954,0.050583540082168955,0.05578260737972542,0.04825674560638393,0.05852569505542042,0.04576349453567601,0.04305527228730581,0.058417878365404886,0.0430201915830916,0.0626810885619559,0.050868435424400636,0.05907523393768857,0.05354132568282942,0.05288445585427992,0.04181769397669378,0.04726086652293148
14,0.03716166128091977,0.0512828509216407,0.009326135488632717,0.08452505470716351,0.04390460967767673,0.03687805609003708,0.05678634551015942,0.049547182175307306,0.051061658946412763,0.05326627912369225,0.06235040524727133,0.0660626180219459,0.012002875475959707,0.07388879270501601,0.04218413231404643,0.05735038272978587,0.06178716666818838,0.05304347653497717,0.048009272003849246,0.04958104437731766
15,0.03540528285840103,0.03578790488116918,0.035472599239825896,0.03037133851286064,0.12865527942797125,0.029336806368287015,0.03214999312453635,0.139145002325288,0.03103897323230469,0.03262497686529926,0.12612217231534315,0.031247843897994506,0.03163965252998566,0.04229271466997096,0.03505285306588915,0.034498397535194916,0.03474114808319071,0.0501680190158634,0.0366986422964551,0.04755039975416897
16,0.04915898475819984,0.05624513003375129,0.014873925955068456,0.039990602305194925,0.06582150757763035,0.019143046759425183,0.03890501661871149,0.017866382402740976,0.12493542116174704,0.02723757977011499,0.07429115753417984,0.018729646047555677,0.0164479959797869,0.07536721635764064,0.08281539452976279,0.029580939633159713,0.04778382653504828,0.10734033965058044,0.02148189478596168,0.07198399160373944
17,0.00742314144121931,0.057013110498919974,0.06228386658015362,0.07144638108449819,0.04546132985173116,0.03158506432636524,0.019310698611299422,0.05619535714960219,0.07039200502886023,0.06265204276781988,0.06712475842323629,0.0686851159476584,0.009860939441959978,0.062359204406243686,0.038887545809756216,0.0620347784762919,0.06553575178062915,0.04818808144789089,0.04237394374772769,0.05118688317813663
18,0.08012121126461506,0.04911081103432707,0.06783461372186239,0.0659334508020881,0.03588376520165012,0.00859309882231474,0.028744578605867658,0.038347266025394136,0.07610282988047223,0.04884396892778384,0.04447549253521154,0.07518255078001404,0.00879845877082629,0.059278343126961175,0.055122995026860404,0.06367496373528164,0.061329285670052,0.042191999401862655,0.05004773255786242,0.040382584108692436
19,0.08238008742810331,0.06205422392545382,0.07981665046944693,0.07904702845510138,0.016452064501662034,0.016041033600777833,0.047679376609551696,0.018570708734955966,0.0739303136207028,0.018861556745177276,0.04845122797490087,0.08967649974519634,0.01684984516808216,0.1493784499256894,0.05796579792885181,0.072716290927872,0.021796391427880236,0.01508058151679264,0.01602082836071131,0.017231042933090236
20,0.07132296551883037,0.06106762812897093,0.06208941275641922,0.0074942295636661604,0.029405505681763543,0.06062615036284713,0.05777118718593612,0.039720731902218774,0.06144876973348966,0.06297339714992915,0.06978159024189308,0.054304209023720705,0.006806677939643084,0.07321453227975605,0.06778079249188293,0.05679440084486242,0.04223119224136204,0.05840187525230379,0.022911683021594315,0.033853068678910705
21,0.03994246511837938,0.06013472712456873,0.03011830761000897,0.02417197035380294,0.13784008891878438,0.02480636471399878,0.024153620843934232,0.023551108356014618,0.024834237468952164,0.03280839421088149,0.05317720715135947,0.05477954549486876,0.02032904066473455,0.03208124652758321,0.026096637718575743,0.04353882101161985,0.040498634903216375,0.030594682780715667,0.11798965047295834,0.15855324855504235
22,0.058258223708910255,0.08803341287117568,0.017298166594207267,0.0173192647413362,0.13204341227483046,0.017018700788366786,0.017152422229300843,0.1962456499820044,0.015035733028757345,0.13254865916902958,0.09035611279039779,0.01856960885034227,0.021244259556556924,0.01676070718462922,0.016536477293449436,0.01792223909736026,0.02796431263936536,0.01676070718462922,0.04119609385167038,0.041735836163680214
23,0.03426217376555367,0.13733441229485618,0.0357631790767085,0.02583736731337992,0.03250641805177483,0.0335009793255344,0.03556610574059556,0.08407938441217008,0.036204822559918325,0.03324808401798212,0.181748926066113,0.03162217715347283,0.033813111767379986,0.03035652242979886,0.03243603522188777,0.031158409614917195,0.041605912112353226,0.06251934988996778,0.03586304650239069,0.030573582683245042
24,0.09369430627257436,0.01839299488044566,0.01753586744555252,0.01630459178633186,0.06661216512655871,0.07862415481776554,0.018401787591572273,0.15305416415175857,0.017400115214511052,0.055624275829899116,0.07991542068210095,0.019109020307658438,0.017757452022728205,0.020018157134480807,0.016282116692350416,0.050354944306270764,0.08621055678517742,0.13522610842465035,0.019829142507806184,0.01965265801980683
25,0.01604025463176193,0.11250993874306153,0.01568366579261239,0.016501351416687682,0.026679071333099387,0.06491616541613743,0.02714303634558569,0.07049352993463294,0.019830843090164037,0.050362346676677335,0.08344594902595756,0.026891264736894273,0.015282305959535863,0.04535173415591698,0.015175004838848573,0.11797011919769503,0.1137378090812938,0.10863464718475513,0.016807260649641945,0.03654370178904048
26,0.023764537407507644,0.03777149937389751,0.0180505344343916,0.02162359476359721,0.16103905184675343,0.02213913950458799,0.03090081791126796,0.11244660944792088,0.020343273077690134,0.11494384081998586,0.10789868576280323,0.025683878979280823,0.02200307878856159,0.022269085380809447,0.019689611174426316,0.02130966934098791,0.026889563656785694,0.07670782431062342,0.09189384104993824,0.022631862968183016
27,0.0497963868360469,0.05020484863438824,0.042919675724400294,0.050272251036816915,0.05695099708828222,0.04321221537833069,0.06596953639121825,0.0059255317847417355,0.06345707240566877,0.055590420867447574,0.055013139750846346,0.060452300435341604,0.005716387146612564,0.05966990302524991,0.06325179169753636,0.05422809298125457,0.05170683224037118,0.054473820076139906,0.05194920814325238,0.0592395883560534
28,0.02482618515432725,0.03995218352973467,0.016384413279218503,0.019538109086009017,0.1675265211507511,0.044639149351517395,0.023422154157564334,0.1354208296154316,0.01963145188964871,0.1901093907485172,0.017754263862589444,0.021528421116075832,0.019484249853352346,0.02798309198334449,0.019590185576008657,0.02098314564238416,0.03203973755696547,0.08045878499961855,0.04610816833514811,0.03261956311179309
29,0.05934193203173228,0.08061530321240777,0.015961641482247407,0.03466735133275725,0.02352438355662191,0.03223104094036251,0.07177991203926445,0.08053836741157983,0.018451246964807433,0.04549258254851612,0.04571280192596154,0.034951958963432825,0.019136699699357256,0.07986015739510845,0.13151382883401178,0.06593910100553205,0.0696403398441661,0.037389731961188735,0.024751625295535762,0.02849999355540859
30,0.11790704010163726,0.08755324299980573,0.020217531206021423,0.0342852986722806,0.02018512239357834,0.03404391575356604,0.04782486327633049,0.03820065302987198,0.0703047368667957,0.02124817219018071,0.03218366263677012,0.05401228954462065,0.018879941188352234,0.09605733580772421,0.06460647366383668,0.061937674747076614,0.0638904632564335,0.08400139668852792,0.013551390092199203,0.019108795884390767
31,0.0644794699684745,0.05547297132745315,0.01934957760014408,0.029080894364333153,0.04087966976760882,0.03964137945772144,0.0643180188814223,0.05184241076954207,0.015334031774320425,0.04600008549361529,0.056834520308939825,0.05603535902352246,0.026555510144161194,0.06773853640973852,0.12633605716881346,0.05394607586984439,0.05370467080756919,0.06220409827639893,0.018498520868379418,0.0517481417179976
32,0.00577999403514173,0.04987894858170815,0.05233003078585979,0.054053862210354145,0.04945974697027153,0.041119761803584114,0.058181697799160034,0.046246719355575346,0.058999304248174116,0.053467489182186384,0.04985467508928964,0.04831592408646683,0.06193412270934389,0.0557459460601046,0.05707534301704005,0.05060512363521122,0.056053571627619536,0.055910343469877666,0.04785752008012746,0.04712987525290373
33,0.05828255000111861,0.05245232517612105,0.06149094606942249,0.05059929256267367,0.03483247426663353,0.011471691120355815,0.05639037659058697,0.02469689156627559,0.05819223197101807,0.04042397763360213,0.04598534456136009,0.08499508155331294,0.06249457873996903,0.06295742328248645,0.058472867883209205,0.07060340477261444,0.06679349749484184,0.027078336753277775,0.029678743809929586,0.042107964191190735
34,0.059649886319354646,0.06396261640204438,0.03114645834715,0.045250816537820315,0.06251926740142501,0.03640312947469171,0.05340008770616231,0.041887324412660513,0.0743782096563675,0.061020831369556085,0.050017557529429796,0.06631045689709754,0.0201282709692248,0.062448702627268204,0.07385117684296158,0.05591467698181059,0.040006054322904924,0.053507655260355606,0.04162392403904505,0.00657289690266929
35,0.06626650496051555,0.06804841211607332,0.07442452911841274,0.06240998749476939,0.024471421393263165,0.007258336451971508,0.0550237639736093,0.023398638918709413,0.06420973027135118,0.03749754159602887,0.04396864637363231,0.07707635982922445,0.06141392235220638,0.06714499805161785,0.050260171428505994,0.08140526521674912,0.061624469772942406,0.03105207279188473,0.013827267526954342,0.029217960361577817
36,0.0730948219903155,0.04691826488254541,0.01961968013995388,0.02069461507326416,0.11517220531802651,0.04243169129792042,0.04864583280276892,0.06634819964317042,0.03742864394984154,0.06490709061029329,0.08387600613503364,0.03803053831319357,0.04412143031176099,0.05030198724851382,0.05322602612439081,0.047963055569473535,0.034427742243205765,0.05074987101483315,0.0492592780855148,0.01278301924597997
37,0.048327942477866884,0.05994214857527295,0.03157426908315485,0.057298797243178524,0.046804262435175846,0.028439778250311586,0.05828665679844714,0.0781801511611586,0.0609600010489475,0.0825917191005728,0.050345215689355946,0.046803648145664296,0.031021065148976984,0.05765972221910361,0.05623777188528162,0.04151242517511231,0.0733651543891712,0.007795470022559338,0.027597818606049766,0.05525598254463847
38,0.007222376652336519,0.051766467900320697,0.042525405495482414,0.06930757976565695,0.02086952735595878,0.04327058168685858,0.0606632304135948,0.03908486295079873,0.06440660888965458,0.04192793114269485,0.05346247171094722,0.055313990842864744,0.06276941678384837,0.07736443059518067,0.07558585559884909,0.06610719553231918,0.06547226016825587,0.04492141558125453,0.02689647546610107,0.031061915467022333
39,0.12056717888702385,0.10749186526900638,0.021573370352141606,0.0320430287252033,0.018838762634519057,0.04841972283449796,0.035711799046350426,0.035550416985316295,0.033826526099712956,0.04354944644808717,0.072139903844865,0.047311977332926344,0.022943651063710754,0.06681145951051548,0.03862254422255161,0.11309208192318311,0.015014991791518469,0.09095980049155265,0.018070494578989012,0.017460977958328593
40,0.03138360576663277,0.14049447301855675,0.031839449545267864,0.025807192401966644,0.031916815613186385,0.1024923095660757,0.03378874876405076,0.034166160574068155,0.031252089966055316,0.030997391081363703,0.04202518265041027,0.03300117754817071,0.03292540757252143,0.03202900702028468,0.029276341379853438,0.14429163005812948,0.06252617181168102,0.07180585200617194,0.028170298418381968,0.02981069523717093
41,0.02214315553296008,0.068640701061954,0.02972693821806001,0.04242367533780686,0.022695778459760667,0.1381446627560226,0.0349169523732753,0.04965863533048086,0.05215220684567977,0.035190158304357406,0.05368696835681751,0.04855934393448045,0.021327776231671855,0.05579632439144782,0.06031132511000116,0.11271155735105687,0.05035259187155024,0.04527550160411826,0.028404989333614804,0.027880757594883454
42,0.09467160786365325,0.05771452863649295,0.05891032966277051,0.07875030655418809,0.017337627707073738,0.10382843143574104,0.0136746353142528,0.04395999689324799,0.03762137662842712,0.03754145953206316,0.05086775291262645,0.08007834576925861,0.01565542017293574,0.07361480280447764,0.03155771669678086,0.0857883674035064,0.054968246495996284,0.03762995102227242,0.013582130666199956,0.012246965828034966
43,0.036069846208252494,0.04972837188718705,0.01494264385741348,0.014128992858411937,0.016886235455068566,0.015796086839241413,0.02739946864101958,0.1443369223080337,0.02366990095244607,0.15290760662945174,0.14041202108563633,0.014803589053607857,0.01582168091554098,0.030026471545025826,0.015351115405514657,0.017895073669563312,0.02566204726951118,0.11860450644687578,0.020510252908402082,0.10504716606379602
44,0.03350593660916555,0.20236274529470946,0.03697386230332795,0.035268159279647576,0.034054958196163845,0.05415486312515461,0.030193594800907636,0.041473320557701324,0.032135830533713335,0.03758522526454238,0.03559880073105442,0.03364088910733767,0.028455581991844652,0.03443498938976419,0.03378419786765739,0.07781974663642065,0.07505714356039539,0.06949532855742235,0.03538394020932521,0.03862088598374447
45,0.02808054766444517,0.1077158526939112,0.027080003100231332,0.037563935290025274,0.029358417265643345,0.08646287528950616,0.03242477743363411,0.03860460949739213,0.03590076258525591,0.1019457989370154,0.036716123646502334,0.028318814854923286,0.031682430126366797,0.028205666783822,0.04601379398689042,0.09461693461473705,0.05628438741930066,0.09409098255735886,0.03102768692849661,0.02790559932454194
46,0.04927120678232486,0.05092300930164498,0.050591017300163174,0.05044962244685885,0.04369818273229917,0.05225572775233142,0.04815485798726311,0.05230942045447924,0.05083815691016169,0.05348761342204101,0.04478284057674875,0.05606660995186572,0.05825003228792583,0.05306520183583289,0.0510773004461789,0.04978768881347302,0.0500373491385194,0.049418826898282045,0.04661332312145973,0.03892201184014615
47,0.16232440073147067,0.14280616556151304,0.03599738510513239,0.0277958306631755,0.026301404906024072,0.12293255506685069,0.025690371187667642,0.030325029444380418,0.0285135717266905,0.028804705425264452,0.026969064926443867,0.06629391364167762,0.027714463827848555,0.031091720734401196,0.027543687679704814,0.027265402183990074,0.05096116389369146,0.05933124453589973,0.02685728119375288,0.02448063756442064
48,0.15488840016964903,0.13515407794049994,0.036039799814507605,0.03173328491300768,0.03436987421207564,0.15350582639236002,0.031937842215944194,0.03283297772206738,0.03318870967099365,0.03168221756561045,0.027432496596889955,0.0310821975944994,0.032199321470458286,0.03291957335289911,0.032927860258357096,0.033825404126043054,0.039883281517069664,0.034432211680901034,0.03009258174886067,0.029872061037306264
49,0.0388324817087234,0.041969223271196635,0.042960534073332925,0.03737445201569897,0.03619050454038216,0.03598867767535548,0.04101889452178007,0.04013760260278466,0.03334812200857438,0.038509717563861096,0.03879977786743572,0.0961051103584491,0.03482017277742477,0.03559511699714582,0.04104711184787532,0.21032507466068545,0.03874268823290109,0.04158839754460745,0.03645448160088133,0.04019185813090429
50,0.04470015966729672,0.04914058535445996,0.04812309856083299,0.0477057789965508,0.045957520058148536,0.04797483993547579,0.05156491312715766,0.05324828250732084,0.04579954752396148,0.047591618044462165,0.04641714369831447,0.08125894592007202,0.04744823620493977,0.047282826278311846,0.048011099265321,0.05664223277300282,0.05606725893084739,0.04814564838779616,0.0405616912017009,0.04635857356402692
51,0.044068879293151286,0.044215294008823534,0.043610800935402844,0.04704684192329141,0.03981192196985151,0.04888930012844674,0.043429168830600794,0.04834911134717523,0.051141673138413515,0.04560995420601077,0.04068577773152856,0.042803738266077314,0.04613254182878729,0.04091505800362612,0.045694993006422754,0.15102059680805474,0.042952998041551865,0.04495914475654329,0.04400962917296458,0.044652576603275936
52,0.06502931925120219,0.06793455073820746,0.03954629827691744,0.03591809027809722,0.06762002822251385,0.03976615195297302,0.04317544552180845,0.05613299149534258,0.05505272336996142,0.043062566279187725,0.04475401753449249,0.02373843083445002,0.02552852764796465,0.062322524599456,0.0450083474751625,0.08549133672837844,0.0538829181268739,0.0379098588738004,0.046296298304858235,0.06182957448835193
53,0.0733318097153403,0.11271934665385143,0.011885771938067256,0.01910833791621781,0.030682019586720163,0.017151826418280128,0.059096233615542844,0.08827332039294782,0.047032157641352657,0.05834153652654757,0.05765880043423907,0.041953413526864776,0.012763877053780697,0.07849785017160914,0.07497345464649836,0.03979660576264477,0.08614675497534756,0.012762497288991058,0.03780478763912033,0.04001959809603623
54,0.058766741817400055,0.051916022616438656,0.0627420512217164,0.006185527085565278,0.039195333399740066,0.0472600212915579,0.05948992384277639,0.0479166682457954,0.052283838315206846,0.03357953307467915,0.05148403097829788,0.06011911972655707,0.05352698885403058,0.060920893308843115,0.05469385223186237,0.05936888778668103,0.05776153326565381,0.05380250331845776,0.047513634545432,0.04147289507330827
55,0.03633930904595775,0.18742915852414652,0.020193124094648355,0.019282659899576404,0.02254674112355099,0.022158260990659723,0.024189073569197625,0.1458538090353195,0.02258122173966493,0.11717207081376253,0.024382803313614577,0.02190309901301104,0.02522267653642107,0.02359887258273376,0.02111171154616907,0.02906204262377259,0.17394756969692995,0.02051321374752234,0.021191209469660452,0.021321372633680846
56,0.05279623851313517,0.00702516909581099,0.029838905027955522,0.04018256743052881,0.05261467985300115,0.06075396437252304,0.05686974516504642,0.054378945568132046,0.05580533405145798,0.0531142009296334,0.05398399767075412,0.052913901211071444,0.029880673504824002,0.058442957085995964,0.05566694426626359,0.061320075678642685,0.055555182956815045,0.06402887660985322,0.05629089219615682,0.04853674881239858
57,0.0373445905234446,0.06600896479314378,0.017179929876791393,0.018342275483240533,0.10869217312048013,0.06761873967790358,0.044692567201771755,0.0314399749862869,0.027061900433132613,0.05479349614490242,0.08153152616673737,0.07526101513002384,0.03788522334062329,0.03095047309535847,0.021292092873387437,0.08917572972195477,0.015425586017153785,0.030955088631978305,0.040574888199669236,0.10377376458201588
58,0.058594217483058306,0.07095451219962115,0.027153687069039065,0.03277355093549993,0.05117032893104249,0.051109797316032705,0.04780919252160815,0.07055999131946374,0.04897963999506267,0.0752457297947848,0.059284554231328127,0.08404888543949565,0.01684461808295814,0.05219928552926525,0.034064026244533696,0.0683020846022612,0.013851004127751233,0.06576041703121675,0.026406935745037007,0.0448875414009401
59,0.0293944237057101,0.12993118819950208,0.022501398444691702,0.0722500263835194,0.022535542898492317,0.04536805283168594,0.02986978523498997,0.0306886617209823,0.03952388891630403,0.03252594924861606,0.04406246405197639,0.12994812275611306,2.2501398444691702e-06,0.05159355933709423,0.03820576235795315,0.08254420897448045,0.1259734171056873,0.026293643483366814,0.020592441458606385,0.026195212750383886
60,0.05375780919288175,0.05297279784087002,0.005562365356068033,0.050634031970222995,0.04611017510608637,0.049823084578947054,0.053993578447952925,0.05079073662203968,0.056953223723297225,0.048052790344085605,0.05274715150567768,0.058182839387177616,0.05207751005959422,0.058675555714578304,0.05558379710457463,0.058061708557006965,0.049756607478422095,0.04884342517217652,0.047903727863137326,0.04951708397520307
61,0.06114093405287217,0.04616295690505756,0.051071453625888025,0.049946081233222944,0.007766585348920453,0.04574971038858469,0.0816377673809876,0.039886866460414866,0.05120680970334086,0.044860480312355795,0.044210036063915256,0.06548089687155619,0.025279903929563197,0.05233834904427742,0.04640957156251422,0.05335469838538697,0.04979820046926361,0.04564713442626515,0.06855384988777893,0.06949771394783402
62,0.14618077553434336,0.14149009937815543,0.023740215757432917,0.02032463437116777,0.017860277416280802,0.0618533165978161,0.026861143168306758,0.06754848634624128,0.016122052260980166,0.025002546958597785,0.023306652000633653,0.02398401083058983,0.020495997131578604,0.02026834703223677,0.019155631930649803,0.14001696562746144,0.017555115518824455,0.15127473179684303,0.019167938691366824,0.017791061650493222
63,0.03775364782277839,0.05627598695282745,0.011052823890602416,0.040589511099817836,0.05926789738417961,0.02228388047125745,0.06390881431729496,0.0709536138802858,0.08877680687796514,0.0741541942503335,0.06826701605220953,0.04390212584068519,0.02784008906224533,0.05670043885247642,0.008324708216165959,0.03502436581526453,0.059895594551038954,0.06226448786026508,0.042622097702456126,0.07014189909985036
64,0.06255957580496901,0.058700507401033164,0.05452347850067683,0.054834369633504104,0.04450870876930349,0.006194762993171551,0.06452955872432332,0.045667001346150496,0.06083719265868872,0.04615915450396955,0.051056106793549105,0.06058265404306887,0.015349071715804213,0.06545716552865076,0.06043538947530433,0.057553963264804185,0.04937069549531284,0.0534368888650846,0.04043986482674746,0.047803889655883565
65,0.054091534285315705,0.06949430247667916,0.018985992291548043,0.027337290020268693,0.051594731914892736,0.04380739414454253,0.06346237488521037,0.06100771515460111,0.0671318460891828,0.05698277567138734,0.060352745345221524,0.059166115939397655,0.007160884191507427,0.05876745185638711,0.0690959448913277,0.05654258508267086,0.060678684974898416,0.00706610782437218,0.04759126297168351,0.05968225998890503
66,0.07280108776581554,0.0660338453705736,0.03082406333928985,0.03451336452497844,0.03340480073202143,0.12322218014868845,0.04192987313873623,0.029245354591207147,0.03595007811791131,0.029668044750756635,0.03494823082165023,0.10379540992494295,0.04974600262235426,0.03503650556365585,0.03479751529673737,0.10094931780657834,0.043287691758102535,0.036043207611987496,0.0293601108826613,0.03444331523135106
67,0.028394977797805112,0.16401181453998284,0.025326689348604093,0.030960536192705942,0.027954021132188513,0.14561321924497056,0.03165854633145588,0.02788983302289612,0.02781739167019864,0.027293373690772435,0.02951316368056585,0.04351802561181241,0.053968628739118805,0.02369829784319038,0.026546298495745593,0.14305957596509436,0.05628802795188567,0.029042471272322953,0.02976637258050409,0.02767873488817987
68,0.048233371388832914,0.07093540767942841,0.009207142801534968,0.03251999791310377,0.07090050671863377,0.010575292762271137,0.039142482767803424,0.0949819691486112,0.06295162120447749,0.008586272531910829,0.08290895267128574,0.0317037087067197,0.007645067531763865,0.08919443710279731,0.04784331558818257,0.04601434761632653,0.07371849648593451,0.08540833765363035,0.03748398186151429,0.050045289865237395
69,0.07140493400825591,0.15638225890453578,0.03239517348996335,0.03715678933000258,0.032167709650482705,0.0401440515925335,0.03353889123420738,0.12466683162007637,0.03557884538446212,0.07639986164874465,0.04401295645330275,0.03156297941793851,0.03553744512783769,0.032844906441431204,0.0336870065595399,0.0351729280881229,0.044611166266533726,0.03439194377563392,0.03405467720817554,0.03428864379821947
70,0.03854098209770296,0.041043638338578686,0.04533911129179749,0.040777778791748126,0.1890362080848999,0.04013547887494227,0.03942353077257432,0.058312711611958605,0.038467278356145114,0.04573573144771697,0.038138584657014654,0.03675270799836085,0.041375131217505245,0.038976672244445794,0.047936116163742507,0.04207195055113438,0.04750389060279451,0.04453749546238391,0.04372900796974971,0.04216599346480405
71,0.0658569824666692,0.0635588349211524,0.06182824620899577,0.007925648866406308,0.07980336930364958,0.029918969269117336,0.0771518203939783,0.025157085610060637,0.04130256541225319,0.04903905896315483,0.06876699196762655,0.03990550100752632,0.007931073233134233,0.06251743160884833,0.03335322073502438,0.062006187279516324,0.029771802388320456,0.04133707736615526,0.07234183615586198,0.08052629684254874
72,0.11293103993065536,0.11425717642606599,0.014283447090160198,0.01684503460050352,0.06977794054907192,0.014798180383411097,0.027942743706532363,0.14153576199316495,0.015180603927837034,0.10347497672362438,0.07953694162720762,0.01592856409355018,0.013353888551175603,0.022638290436809403,0.016037504357345547,0.024637380305342262,0.07014092474730808,0.014477090436154612,0.02670607518822492,0.08551643492585498
73,0.04380251841974023,0.10344105253223043,0.015066085610990284,0.07017579331953444,0.030330248664957427,0.01954397421212843,0.07931268106882695,0.05344775043936972,0.030722372526533773,0.030170261256514792,0.04429362055610697,0.1076942933488399,0.01423566885092211,0.07274119491799887,0.030787592588960078,0.07279431789585264,0.025491221748506196,0.05739256449340323,0.05154472547385117,0.04701206207473228
74,0.07731782430405196,0.053910027657726074,0.0461513866929321,0.009508616998776477,0.03789647843558635,0.033706592812141244,0.04553523839663176,0.06683232727338115,0.044357652533343686,0.046695115572405896,0.055775099618233404,0.02902037730969134,0.08398092515719943,0.0721402187078336,0.039741749779473874,0.057950905273804344,0.061575699572602414,0.06741617133244199,0.02715515553612471,0.04333243703561814
75,0.0063137796091864455,0.04991449231235028,0.06150702454983658,0.06193086675030053,0.051528703828403244,0.055407138064297194,0.05739672572746936,0.05172294898206883,0.06171621427254239,0.04807529836061902,0.057785099869136596,0.05382015178008627,0.04659582636067132,0.06284782003933416,0.056678827586900835,0.059489280755699515,0.0063137796091864455,0.0587376704354921,0.0396064956601355,0.05261185544628335
76,0.0707230144744756,0.056708030415708106,0.03390065533307142,0.04953251316349835,0.04539435645877563,0.03742377243432354,0.057879085907078215,0.05805913532909351,0.07319150267363664,0.05869900283605502,0.06499554109054732,0.062362434905171266,0.008249249965540354,0.06528784196854447,0.00709226188300769,0.056924590306311515,0.05989035172518314,0.054445929142722185,0.03688845989098487,0.04235227009627117
77,0.055985125044445576,0.06049278128099887,0.04726153169691663,0.005482087367338924,0.059770811544839576,0.059420807937264494,0.05995542040132806,0.031521157177587085,0.051554793607138535,0.06067463222342454,0.06182432060653832,0.06192732953955475,0.012052231153633809,0.05984892479245568,0.05408985940092116,0.062207357381381764,0.050943813586542125,0.029984105173189668,0.05657045249134906,0.05843245759315122
78,0.03295135927704776,0.06851697557077539,0.01064333239148254,0.0517646443332483,0.07503632130672151,0.014460113585293938,0.060674531889446104,0.10441027374069385,0.036345992646777764,0.010102801833580357,0.09909219175429414,0.028024100023094356,0.010138995779841547,0.058029313713240604,0.051320486465515625,0.0492837713923649,0.010102801833580357,0.09875180316245287,0.06369751421393385,0.06665267508661439
79,0.09833248255989575,0.11989128189331667,0.010508393829899779,0.010741013285373585,0.0978348545661356,0.014497358673641934,0.013214216189665015,0.11809959376793706,0.01053126763405526,0.10103119823072,0.11994101058785084,0.01526894334823943,0.010718956235834947,0.016000482301196044,0.010791547477548036,0.04656215838094121,0.011244356432291065,0.1296995005678752,0.013072624413774702,0.032018759623808034
80,0.04106967795326853,0.10332935473918327,0.032022096898470354,0.03272666020977732,0.06449831179129191,0.042481931209972366,0.039893544382524834,0.03358603230368498,0.034621842578623316,0.04243181289570971,0.056585884314837534,0.037486446811669565,0.034075318069112216,0.036963039411777025,0.15488675368385604,0.04477704993266788,0.03461982093543232,0.030709288706377437,0.04295384319171401,0.06028128998004947
81,0.03253550211407985,0.056690559536508395,0.03276678364086813,0.02906216897224992,0.04469309529622275,0.033686733476344634,0.03197933779917095,0.031139417442128024,0.029368760964354337,0.12715297432046294,0.07867320149022294,0.03294748883631647,0.03470015378434053,0.029296881302252317,0.03168717207798113,0.027452985867721658,0.03243720171235338,0.22256136871996132,0.028027557582852396,0.03314065506360792
82,0.03226247647762147,0.24303235816485658,0.03757966764796677,0.03011797288128568,0.03128892274155083,0.06468224736267945,0.03164001953100722,0.04090059452658936,0.03367103133428814,0.035392913518537704,0.057987395237223786,0.021293416103676528,0.03455096645527105,0.03774855623868246,0.0395122681870858,0.08150704361719298,0.03709691525314101,0.04204057534402154,0.03356136738563883,0.03413329199168278
83,0.025722307439596387,0.02765859516946534,0.023199711898952747,0.02488416003556697,0.21236218772107227,0.025698128104009076,0.04823955476129232,0.0643684854723768,0.025690586007445393,0.06756002019592929,0.07090303911330846,0.028704424610952392,0.023762462440823248,0.026204454761295275,0.022209016396017127,0.025916638186320184,0.03244863861963735,0.0604096710306098,0.13991795555684788,0.024139962478481686
84,0.06453239188878356,0.04809883555705494,0.06330212111299623,0.028898361033305845,0.01936867368898069,0.048279877834086,0.11586780039362814,0.012144756410306823,0.08890820096624401,0.018250588307738416,0.017986322347905686,0.1101434821656424,0.013941091014477748,0.040196240175397954,0.07965113385924302,0.10773640073217827,0.055704164219954166,0.019735482220807312,0.018745494976804947,0.028508581094463723
85,0.0705334476459493,0.08430987443577195,0.012186637319477313,0.015244290368999644,0.04662313175891523,0.040719228649376035,0.02731736732670394,0.10564244463278041,0.053448441049252726,0.10529895046241461,0.09066504939617866,0.039574468651632624,0.012775951442111666,0.027549842634950656,0.051557748359616795,0.03909578543159714,0.08619295547201754,0.010452181498638996,0.04885117819315441,0.03196102527046017
86,0.00626242721676365,0.05877758273133882,0.0507293492696041,0.06543383754795244,0.03143162912736044,0.052883938492345156,0.058582849402429735,0.046405888418097486,0.06546931416859082,0.044748387626966,0.04989856904775156,0.05525868445505824,0.03546894668059292,0.061226874674721724,0.06238923945083722,0.06283956809949422,0.05779316666465631,0.04690480463907421,0.04185111099692721,0.045643831289437775
87,0.0739413247150903,0.07675834937565065,0.03362303611038037,0.034552675142273205,0.042283412213784954,0.05600584150466242,0.04685386879116861,0.0921626655492133,0.032708762021028896,0.010756672024973294,0.09874101041248028,0.06211838942410645,0.020859130781113528,0.07691434164677338,0.010834129745292452,0.06445930624421266,0.0579753764113735,0.07302572662711287,0.009047165959860767,0.026378815299448022
88,0.04809379271410804,0.07175629840075784,0.017379807994809135,0.020538017388972613,0.016914373922845338,0.032507923362126934,0.032059312676578695,0.09832039105547674,0.018415048255180318,0.13874502746365458,0.10817720523537477,0.025626481223388065,0.021286446237631592,0.018888517168054765,0.017122559255227893,0.03668008194447627,0.046588966584136575,0.07595664211365193,0.07518721305226685,0.07975589395128121
89,0.04378657614461931,0.18575637924104985,0.029296007437866894,0.20364140616274992,0.0254636488847715,0.05130452926993544,0.028963233238742753,0.023661329433931757,0.027510009490821902,0.025545669975122726,0.02560739303051392,0.03079584841251738,0.03229990122382477,0.06371360917907559,0.030429375063183727,0.054400969215388194,0.028833887245382994,0.026082295876375568,0.02841604744487571,0.0344918840292501
90,0.057235055832126736,0.05833408240487939,0.037091487532462865,0.05098934237835565,0.04743339509032839,0.05210568513720302,0.056180928281626435,0.05468586056721751,0.058067350544094294,0.05390093648976637,0.057812627889662745,0.055976225544267205,0.020833923771539694,0.05969865007090223,0.006470359494129664,0.060932151159485026,0.06058426463006474,0.05057164501908762,0.05758794892527406,0.0435080792375264
91,0.07848037442297312,0.07158648959949508,0.06912750246335449,0.07204804591005541,0.03195760807909166,0.08392784391813411,0.06982970644987219,0.011080856899869117,0.04570953637816308,0.027160537880795244,0.05862591936830018,0.007664198889475384,0.017635820357653292,0.07632829588153618,0.04541868608254673,0.07542430661765537,0.07182652678303168,0.014190831598998113,0.0070445511418845965,0.06493236127711488
92,0.0509569807950738,0.06043073661986668,0.04996453248608178,0.0531059507179335,0.06164195273126627,0.05163684844833571,0.055537704845956874,0.0061443661527707,0.039309527904728955,0.06019829461552398,0.06214522834363161,0.03771604872348812,0.006251068113189155,0.051511054209415166,0.03965083323130644,0.06239089104380222,0.07463894430475808,0.05907551115838891,0.061363127765399525,0.05633039778908257
93,0.05310134279947316,0.05506632243918131,0.05493292740669736,0.05163509417352474,0.04954014500450837,0.05528439654609739,0.05285521252735721,0.05123617536539096,0.05792581773817616,0.05408618177737812,0.0533710938007315,0.05052263621013568,0.031523543767075154,0.056217272806756736,0.05817831964515588,0.0570748361554192,0.005504681216223334,0.05359562915478085,0.05007963021803979,0.04826874124789699
94,0.042430868940966114,0.08113735868998691,0.009060985298626105,0.08372403021648993,0.035913383716531445,0.07588608112530336,0.05662156849741166,0.02307866885776381,0.03243879594203816,0.03833248953361021,0.042917362634009235,0.09030565059023028,0.009470549966831558,0.0669274110856733,0.038198962351914674,0.08613453743139995,0.0834617190869613,0.02985486390490414,0.027178383707442456,0.0469263284219054
95,0.06191104019195222,0.05805054492208135,0.05403170856725917,0.05467442833397283,0.051908741626909824,0.006246098099077299,0.06312787941931823,0.03179862717504861,0.06051953755745284,0.056854834651234656,0.0530452622465586,0.05668227866200431,0.011486256249516939,0.06529198930697931,0.06211147757398009,0.05929148132939664,0.06126867675962235,0.039110367861573,0.04529083220973333,0.047297937256328304
96,0.06896528949318648,0.05675578091079778,0.038310477370139026,0.016567624527533045,0.05666329476549541,0.06405822544459759,0.06090822783072361,0.029721906495898565,0.006713408337197741,0.05359513924191755,0.06162837316181185,0.06979709760151223,0.005672953758787157,0.07027383645109433,0.07320488514311735,0.07082843788395335,0.0645110326086903,0.038752316062783364,0.034051671383493666,0.05902002152726959
97,0.007171608452974109,0.06613102748529086,0.007356646508818128,0.014186421865533238,0.05764638400783822,0.07002944273679584,0.059398581053953764,0.058794039582918775,0.014840940722685107,0.061336977355761456,0.06132808593220798,0.06568421446553645,0.06212331329952601,0.05841255062663796,0.029748214919531436,0.06713923220972116,0.07078047461296769,0.06274712481163335,0.045939680498803565,0.05920503885086485
