beta = 0.841408
kappa = 2.35218
omega = 0.277882
phiA = 0.257677
phiC = 0.272167
phiG = 0.277877