beta = 1.33981
kappa = 2.63346
omega = 0.687139
phiA = 0.254117
phiC = 0.291506
phiG = 0.286047